500	566	0.3613239983141537	0.4
1000	349	0.0685200573178175	0.24
1500	283	0.09147554077678102	0.04
2000	210	0.06262347468241579	0.02
2500	221	0.05799047539050412	0.0
3000	189	0.049698343930351614	0.0
3500	160	0.055107603815624524	0.0
4000	146	0.029016674767416494	0.0
4500	125	0.03058211829255031	0.0
5000	128	0.03591223365767754	0.0
5500	125	0.06252739538759906	0.0
6000	93	0.02695203668614954	0.0
6500	84	0.0316575605023467	0.0
7000	72	0.029780723135607364	0.0
7500	63	0.019200336008000758	0.0
