500	4534	0.12507747275801276	0.98
1000	2907	0.06515566302748228	1.16
1500	2769	0.0449726112488998	0.96
2000	2309	0.07113767853412574	0.64
2500	2396	0.02543411239288901	0.54
3000	2069	0.052732277506906955	0.4
3500	1830	0.03524375415136011	0.46
4000	1792	0.026128921216924703	0.36
4500	1769	0.05765281446005452	0.28
5000	1791	0.048307602675618455	0.12
5500	1662	0.06156608128204786	0.3
6000	1730	0.038837282807509046	0.12
6500	1497	0.029311485775596936	0.16
7000	1448	0.024879814165936973	0.26
7500	1515	0.04552816982478614	0.2
