500	4357	0.16158520518076222	1.06
1000	3336	0.14497580475464564	1.08
1500	2466	0.05416675357299188	0.74
2000	2426	0.08452210222156584	0.8
2500	2253	0.08757334164866332	0.66
3000	2165	0.040401186462556804	0.54
3500	1895	0.06238279788972693	0.22
4000	1654	0.07204718930234318	0.34
4500	1681	0.05286325454446418	0.34
5000	1654	0.07980831712095958	0.24
5500	1566	0.04531290434852107	0.36
6000	1460	0.04904959953259202	0.24
6500	1437	0.03320520911796242	0.24
7000	1416	0.03205740617790634	0.12
7500	1340	0.037142977326935334	0.2
