500	356	0.1266372253281474	1.8
1000	236	0.024985481351405582	1.88
1500	164	0.06277389225875496	1.62
2000	152	0.024510907541721614	1.6
2500	140	0.02890713707418131	1.44
3000	113	0.007904620570931265	1.76
3500	109	0.038739608158167876	1.28
4000	95	0.0141991545433929	1.62
4500	77	0.030171867886400357	1.52
5000	73	0.01892194544545586	1.48
5500	75	0.01133603602801796	1.18
6000	65	0.031787820003270566	1.14
6500	53	0.010727589629536674	0.86
7000	51	0.008687935693899864	1.24
7500	43	0.020471109776490116	0.84
